16251382,16251382,16251382,16251382,16251382,16251382,16251382,16251382,16251382,16251382,16251382,16251382,16251382,16251382,16251382,16251382,16251382,16251382,16251382,16251382,16251382,16251382,16251382,16251382,16251382,16251382,16251382,16251382,16251382,16251382,16251382,16251382,16251382,16251382,16251382,16251382,16251382,16251382,16251382,16251382,16251382,16251382,16251382,16251382,16251382,16251382,16251382,16251382,
16251382,16251382,16251382,16251382,16251382,16251382,16251382,16251382,16251382,16251382,16251382,16251382,16251382,16251382,16251382,16251382,16251382,16251382,16251382,16251382,16251382,16251382,16251382,16251382,16251382,16251382,16251382,16251382,16251382,16251382,16251382,16251382,16251382,16251382,16251382,16251382,16251382,14492672,16777210,16251382,15593452,16054003,15988210,15527659,15922417,15396073,16185589,16251382,
16251382,16251382,16251382,16251382,16251382,16251382,16251382,16251382,16251382,16251382,16251382,16251382,16251382,16251382,16251382,16251382,16251382,16251382,16251382,16251382,16251382,16251382,16251382,16251382,16251382,16251382,16251382,16251382,16251382,16251382,16251382,16251382,16251382,16251382,16251382,16251382,16251382,10966206,13435135,16186105,5658198,15593452,16053492,7895160,8487297,16777215,13356490,16251382,
16251382,16251382,16251382,16251382,16251382,16251382,16251382,16251382,16251382,16251382,16251382,16251382,16251382,16251382,16251382,16251382,16251382,16251382,16251382,16251382,16251382,16251382,16251382,16251382,16251382,16251382,16251382,16251382,16251382,16251382,16251382,16251382,16251382,16251382,16251382,16251382,16251382,15728603,16251382,16251382,16251382,16251382,16251382,16251382,16251382,16251382,16251382,16251382,
16251382,16251382,16251382,16251382,16251382,16251382,16251382,16251382,16251382,16251382,16251382,16251382,16251382,16251382,16251382,16251382,16251382,16251382,16251382,16251382,16251382,16251382,16251382,16251382,16251382,16251382,16251382,16251382,16251382,16251382,16251382,16251382,16251382,16251382,16251382,16251382,16251382,16251382,16251382,16251382,16251382,16251382,16251382,16251382,16251382,16251382,16251382,16251382,
256,16251382,16251382,16251382,16251382,16251382,16251382,16251382,16251382,16251382,16251382,16251382,16251382,16251382,16251382,16251382,16251382,16251382,16251382,16251382,16251382,16251382,16251382,16251382,16251382,16251382,16251382,16251382,16251382,16251382,16251382,16251382,16251382,16251382,16251382,16251382,16251382,16251382,16251382,16251382,16251382,16251382,16251382,16251382,16251382,16251382,16251382,16251382,
16251382,16251382,16251382,16251382,16251382,16251382,16251382,16251382,16251382,16251382,16251382,16251382,16251382,16251382,16251382,16251382,16251382,16251382,16251382,16251382,16251382,16251382,16251382,16251382,16251382,16251382,16251382,16251382,16251382,16251382,16251382,16251382,16251382,16251382,16251382,16251382,16251382,16251382,16251382,16251382,16251382,16251382,16251382,16251382,16251382,16251382,16251382,16251382,
16251382,1513750,16251382,16251382,16251382,16251382,16251382,16251382,16251382,16251382,16251382,16251382,16251382,15593452,263683,16251382,16251382,16251382,16251382,16251382,16251382,16251382,16251382,16251382,16251382,16251382,16251382,16251382,16251382,16251382,16251382,16251382,16251382,16251382,16251382,16251382,16251382,16251382,16251382,16251382,16251382,16251382,16251382,16251382,16251382,16251382,16251382,16251382,
16251382,16185589,16251382,16251382,16251382,16251382,16251382,16251382,16251382,16251382,16251382,16251382,16251382,16251382,5921881,16251382,16251382,16251382,16251382,16251382,16251382,16251382,16251382,16251382,16251382,16251382,16251382,16251382,16251382,16251382,16251382,16251382,16251382,16251382,16251382,16251382,16251382,16251382,16251382,16251382,16251382,16251382,16251382,16251382,16251382,16251382,16251382,16251382,
16251382,16251382,16382968,16251382,16251382,16251382,16251382,16251382,16251382,16251382,16251382,16251382,16251382,16251382,16251382,3882298,16251382,16251382,16251382,16251382,16251382,16251382,16251382,16251382,16251382,16251382,16251382,16251382,16251382,16251382,16251382,16251382,16251382,16251382,16251382,16251382,16251382,16251382,16251382,16251382,16251382,16251382,16251382,16251382,16251382,16251382,16251382,16251382,
16251382,16251382,16251382,16185589,16251382,16251382,16251382,16251382,16251382,16251382,16251382,16251382,16251382,16251382,16251382,16251382,16251382,16251382,16251382,16251382,16251382,16251382,16251382,16251382,16251382,16251382,16251382,16251382,16251382,16251382,16251382,16251382,16251382,16251382,16251382,16251382,16251382,16251382,16251382,16251382,16251382,16251382,16251382,16251382,16251382,16251382,16251382,16251382,
16251382,16251382,16251382,16251382,16251382,16251382,16251382,16251382,16251382,16251382,16251382,16251382,16251382,16251382,16185589,16251382,16251382,16251382,16251382,16251382,16251382,16251382,16251382,16251382,16251382,16251382,16251382,16251382,16251382,16251382,16251382,16251382,16251382,16251382,16251382,16251382,16251382,16251382,16251382,16251382,16251382,16251382,16251382,16251382,16251382,16251382,16251382,16251382,
16251382,16251382,16251382,16251382,2303266,16251382,16251382,16251382,16251382,16251382,16251382,16251382,16251382,16185589,16317175,16251382,16251382,16251382,16251382,16251382,16251382,16251382,16251382,16251382,16251382,16251382,16251382,16251382,16251382,16251382,16251382,16251382,16251382,16251382,16251382,16251382,16251382,16251382,16251382,16251382,16251382,16251382,16251382,16251382,16251382,16251382,16251382,16251382,
16251382,16251382,16251382,16251382,16119796,16251382,16251382,16251382,16251382,16251382,16251382,16251382,16251382,16382968,16251382,16251382,16251382,16251382,16251382,16251382,16251382,16251382,16251382,16251382,16251382,16251382,16251382,16251382,16251382,16251382,16251382,16251382,16251382,16251382,16251382,16251382,16251382,16251382,16251382,16251382,16251382,16251382,16251382,16251382,16251382,16251382,16251382,16251382,
16251382,16251382,16251382,16251382,16251382,724234,16251382,16251382,16251382,16251382,16251382,16251382,16251382,263683,1711129,16317175,16251382,16251382,16251382,16251382,16251382,16251382,16251382,16251382,16251382,16251382,16251382,16251382,16251382,16251382,16251382,16251382,16251382,16251382,16251382,16251382,16251382,16251382,16251382,16251382,16251382,16251382,16251382,16251382,16251382,16251382,16251382,16251382,
16251382,16251382,16251382,16251382,16251382,16251382,16119796,16251382,16251382,16251382,16251382,16251382,16251382,7566706,16251382,16054003,16251382,16251382,16251382,16251382,16251382,16251382,16251382,16251382,16251382,16251382,16251382,16251382,16251382,16251382,16251382,16251382,16251382,16251382,16251382,16251382,16251382,16251382,16251382,16251382,16251382,16251382,16251382,16251382,16251382,16251382,16251382,16251382,
16251382,16251382,16251382,16251382,16251382,16251382,16448761,16251382,16251382,16251382,16251382,16251382,16251382,16317175,16251382,16251382,16251382,16251382,16251382,16251382,16251382,16251382,16251382,16251382,16251382,16251382,16251382,16251382,16251382,16251382,16251382,16251382,16251382,16251382,16251382,16251382,16251382,16251382,16251382,16251382,16251382,16251382,16251382,16251382,16251382,16251382,16251382,16251382,
16251382,16251382,16251382,16251382,16251382,16251382,16251382,16054003,16251382,16251382,16251382,16251382,16251382,256,15790831,16317175,16251382,16251382,16251382,16251382,16251382,16251382,16251382,16251382,16251382,16251382,16251382,16251382,16251382,16251382,16251382,16251382,16251382,16251382,16251382,16251382,16251382,16251382,16251382,16251382,16251382,16251382,16251382,16251382,16251382,16251382,16251382,16251382,
16251382,16251382,16251382,16251382,16251382,16251382,16251382,16317175,16251382,16251382,16251382,16251382,16251382,16711677,7171948,16251382,16251382,16251382,16251382,16251382,16251382,16251382,16251382,16251382,16251382,16251382,16251382,16251382,16251382,16251382,16251382,16251382,16251382,16251382,16251382,16251382,16251382,16251382,16251382,16251382,16251382,16251382,16251382,16251382,16251382,16251382,16251382,16251382,
16251382,16251382,16251382,16251382,16251382,16317175,16251382,16251382,790027,16251382,16251382,16251382,16251382,16251382,16251382,16251382,16251382,16251382,16251382,16251382,16251382,16251382,16251382,16251382,16251382,16251382,16251382,16251382,16251382,16251382,16251382,16251382,16251382,16251382,16251382,16251382,16251382,16251382,16251382,16251382,16251382,16251382,16251382,16251382,16251382,16251382,16251382,16251382,
16251382,16251382,16251382,16251382,16251382,16251382,16251382,16251382,16251382,16251382,16251382,16251382,16251382,16251382,16251382,16251382,16251382,16251382,16251382,16251382,16251382,16251382,16251382,16251382,16251382,16251382,16251382,16251382,16251382,16251382,16251382,16251382,16251382,16251382,16251382,16251382,16251382,16251382,16251382,16251382,16251382,16251382,16251382,16251382,16251382,16251382,16251382,16251382,
16251382,16251382,16251382,16251382,16251382,16251382,16251382,16251382,16251382,3026989,16251382,16251382,16251382,16251382,16251382,16251382,16251382,16251382,16251382,16251382,16251382,16251382,16251382,16251382,16251382,16251382,16251382,16251382,16251382,16251382,16251382,16251382,16251382,16251382,16251382,16251382,16251382,16251382,16251382,16251382,16251382,16251382,16251382,16251382,16251382,16251382,16251382,16251382,
16251382,16251382,16251382,16251382,16251382,16251382,16251382,16251382,16251382,16251382,16251382,16251382,16251382,16251382,16251382,16251382,16251382,16251382,16251382,16251382,16251382,16251382,16251382,16251382,16251382,16251382,16251382,16251382,16251382,16251382,16251382,16251382,16251382,16251382,16251382,16251382,16251382,16251382,16251382,16251382,16251382,16251382,16251382,16251382,16251382,16251382,16251382,16251382,
16251382,16251382,16251382,16251382,16251382,16251382,16251382,16251382,16251382,16251382,16119796,16251382,16251382,16251382,16251382,16251382,16251382,16251382,16251382,16251382,16251382,16251382,16251382,16251382,16251382,16251382,16251382,16251382,16251382,16251382,16251382,16251382,16251382,16251382,16251382,16251382,16251382,16251382,16251382,16251382,16251382,16251382,16251382,16251382,16251382,16251382,16251382,16251382,
