16251382,16251382,16251382,16251382,16251382,16251382,16251382,16251382,16251382,16251382,16251382,16251382,16251382,16251382,16251382,16251382,16251382,16251382,16251382,16251382,16251382,16251382,16251382,16251382,16251382,16251382,16251382,16251382,16251382,16251382,16251382,16251382,16251382,16251382,16251382,16251382,16251382,16251382,16251382,16251382,16251382,16251382,16251382,16251382,16251382,16251382,16251382,16251382,
16251382,16251382,16251382,16251382,16251382,16251382,16251382,16251382,16251382,16251382,16251382,16251382,16251382,16251382,16251382,16251382,16251382,16251382,16251382,16251382,16251382,16251382,16251382,16251382,16251382,16251382,16251382,16251382,16251382,16251382,16251382,16251382,16251382,16251382,16251382,16251382,16251382,14427648,16777210,16251382,15593452,16054003,15988210,15527659,15922417,15396073,16185589,16251382,
16251382,16251382,16251382,16251382,16251382,16251382,16251382,16251382,16251382,16251382,16251382,16251382,16251382,16251382,16251382,16251382,16251382,16251382,16251382,16251382,16251382,16251382,16251382,16251382,16251382,16251382,16251382,16251382,16251382,16251382,16251382,16251382,16251382,16251382,16251382,16251382,16251382,10966206,13435135,16251898,5658198,15593452,16053492,7895160,8487297,16777215,13553869,16251382,
16251382,16251382,16251382,16251382,16251382,16251382,16251382,16251382,16251382,16251382,16251382,16251382,16251382,16251382,16251382,16251382,16251382,16251382,16251382,16251382,16251382,16251382,16251382,16251382,16251382,16251382,16251382,16251382,16251382,16251382,16251382,16251382,16251382,16251382,16251382,16251382,16251382,15728603,16251382,16251382,16251382,16251382,16251382,16251382,16251382,16251382,16251382,16251382,
16251382,16251382,16251382,16251382,16251382,16251382,16251382,16251382,16251382,16251382,16251382,16251382,16251382,16251382,16251382,16251382,16251382,16251382,16251382,16251382,16251382,16251382,16251382,16251382,16251382,16251382,16251382,16251382,16251382,16251382,16251382,16251382,16251382,16251382,16251382,16251382,16251382,16251382,16251382,16251382,16251382,16251382,16251382,16251382,16251382,16251382,16251382,16251382,
16251382,16251382,16251382,16251382,16251382,16251382,16251382,16251382,16251382,16251382,16251382,16251382,16251382,16251382,16251382,16251382,16251382,16251382,16251382,16251382,16251382,16251382,16251382,16251382,16251382,16251382,16251382,16251382,16251382,16251382,16251382,16251382,16251382,16251382,16251382,16251382,16251382,16251382,16251382,16251382,16251382,16251382,16251382,16251382,16251382,16251382,16251382,16251382,
16251382,16251382,16251382,16251382,16251382,16251382,16251382,16251382,16251382,16251382,16251382,16251382,16251382,16251382,16251382,16251382,16251382,16251382,16251382,16251382,16251382,16251382,16251382,16251382,16251382,16251382,16251382,16251382,16251382,16251382,16251382,16251382,16251382,16251382,16251382,16251382,16251382,16251382,16251382,16251382,16251382,16251382,16251382,16251382,16251382,16251382,16251382,16251382,
16251382,16251382,16251382,16251382,16251382,16251382,16251382,16251382,16251382,16251382,16251382,16251382,16251382,16251382,16251382,16251382,16251382,16251382,16251382,16251382,16251382,16251382,16251382,16251382,16251382,16251382,16251382,16251382,16251382,16251382,16251382,16251382,16251382,16251382,16251382,16251382,16251382,16251382,16251382,16251382,16251382,16251382,16251382,16251382,16251382,16251382,16251382,3290161,
16251382,16251382,16251382,16251382,16251382,16251382,16251382,16251382,16251382,16251382,16251382,16251382,16251382,16251382,16251382,16251382,16251382,16251382,16251382,16251382,16251382,16251382,16251382,16251382,16251382,16251382,16251382,16251382,16251382,16251382,16251382,16251382,16251382,16251382,16251382,16251382,16251382,16251382,16251382,16251382,16251382,16251382,16251382,16251382,16251382,16251382,16317175,16251382,
16251382,16251382,16251382,16251382,16251382,16251382,16251382,16251382,16251382,16251382,16251382,16251382,16251382,16251382,16251382,16317175,16251382,10264219,16251382,16251382,16251382,16251382,16251382,16251382,16251382,16251382,16251382,16251382,16251382,16251382,16251382,16251382,16251382,16251382,16251382,16251382,16251382,16251382,16251382,16251382,16251382,16251382,16251382,16251382,16251382,16251382,16317175,16251382,
16251382,16251382,16251382,16251382,16251382,16251382,16251382,16251382,16251382,16251382,16251382,16251382,16251382,16251382,16251382,6185053,16185589,16185589,16251382,16251382,16251382,16251382,16251382,16251382,16251382,16251382,16251382,16251382,16251382,16251382,16251382,16251382,16251382,16251382,16251382,16251382,16251382,16251382,16251382,16251382,16251382,16251382,16251382,16251382,16251382,16580347,16251382,16251382,
16251382,16251382,16251382,16251382,16251382,16251382,16251382,16251382,16251382,16251382,16251382,16251382,16251382,16251382,16251382,12830146,16382968,15856624,16251382,16251382,16251382,16251382,16251382,16251382,16251382,16251382,16251382,16251382,16251382,16251382,16251382,16251382,16251382,16251382,16251382,16251382,16251382,16251382,16251382,16251382,16251382,16251382,16251382,16251382,16251382,16317175,16251382,16251382,
16251382,16251382,16251382,16251382,16251382,16251382,16251382,16251382,16251382,16251382,16251382,16251382,16251382,16251382,16251382,16711677,16251382,16251382,16251382,16251382,16251382,16251382,16251382,16251382,16251382,16251382,16251382,16251382,16251382,16251382,16251382,16251382,16251382,16251382,16251382,16251382,16251382,16251382,16251382,16251382,16251382,16251382,16251382,16251382,1315860,16251382,16251382,16251382,
16251382,16251382,16251382,16251382,16251382,16251382,16251382,16251382,16251382,16251382,16251382,16251382,16251382,16251382,16251382,13751248,16251382,16251382,16251382,16251382,16251382,16251382,16251382,16251382,16251382,16251382,16251382,16251382,16251382,16251382,16251382,16251382,16251382,16251382,16251382,16251382,16251382,16251382,16251382,16251382,16251382,16251382,16251382,16251382,16251382,16251382,16251382,16251382,
16251382,16251382,16251382,16251382,16251382,16251382,16251382,16251382,16251382,16251382,16251382,16251382,16251382,8422015,16251382,16317175,16251382,16251382,16251382,16251382,16251382,16251382,16251382,16251382,16251382,16251382,16251382,16251382,16251382,16251382,16251382,16251382,16251382,16251382,16251382,16251382,16251382,16251382,16251382,16251382,16251382,16251382,16251382,790027,16251382,16251382,16251382,16251382,
16251382,16251382,16251382,16251382,16251382,16251382,16251382,16251382,16251382,16251382,16251382,16251382,16251382,14080213,16251382,16711677,16251382,16251382,16251382,16251382,16251382,16251382,16251382,16251382,16251382,16251382,16251382,16251382,16251382,16251382,16251382,16251382,16251382,16251382,16251382,16251382,16251382,16251382,16251382,16251382,16251382,16251382,16119796,16251382,16251382,16251382,16251382,16251382,
16251382,16251382,16251382,16251382,16251382,16251382,16251382,16251382,16251382,16251382,16251382,16251382,16251382,16317175,16317175,16317175,16251382,16251382,16251382,16251382,16251382,16251382,16251382,16251382,16251382,16251382,16251382,16251382,16251382,16251382,16251382,16251382,16251382,16251382,16251382,16251382,16251382,16251382,16251382,16251382,16251382,16251382,16250871,16251382,16251382,16251382,16251382,16251382,
16251382,16251382,16251382,16251382,16251382,16251382,16251382,16251382,16251382,16251382,16251382,16251382,16251382,256,6579811,16448761,16251382,16251382,16251382,16251382,16251382,16251382,16251382,16251382,16251382,16251382,16251382,16251382,16251382,16251382,16251382,16251382,16251382,16251382,16251382,16251382,16251382,16251382,16251382,16251382,16251382,16777213,16251382,16251382,16251382,16251382,16251382,16251382,
16251382,16251382,16251382,16251382,16251382,16251382,16251382,16251382,16251382,16251382,16251382,16251382,4474435,16185589,16317175,15988210,16317175,16251382,16251382,16251382,16251382,16251382,16251382,16251382,16251382,16251382,16251382,16251382,16251382,16251382,16251382,16251382,16251382,16251382,16251382,16251382,16251382,16251382,16251382,16251382,16251382,16251382,16251382,16251382,16251382,16251382,16251382,16251382,
16251382,16251382,16251382,16251382,16251382,16251382,16251382,16251382,16251382,16251382,16251382,16251382,16251382,16251382,16251382,16251382,16251382,16251382,16251382,16251382,16251382,16251382,16251382,16251382,16251382,16251382,16251382,16251382,16251382,16251382,16251382,16251382,16251382,16251382,16251382,16251382,16251382,16251382,16251382,16251382,1250065,16251382,16251382,16251382,16251382,16251382,16251382,16251382,
16251382,16251382,16251382,16251382,16251382,16251382,16251382,16251382,16251382,16251382,16251382,16251382,16251382,16251382,16251382,16251382,16251382,16251382,16251382,16251382,16251382,16251382,16251382,16251382,16251382,16251382,16251382,16251382,16251382,16251382,16251382,16251382,16251382,16251382,16251382,16251382,16251382,16251382,16251382,16251382,16317175,16251382,16251382,16251382,16251382,16251382,16251382,16251382,
16251382,16251382,16251382,16251382,16251382,16251382,16251382,16251382,16251382,16251382,16251382,16251382,16251382,16251382,16251382,16251382,16251382,16251382,16251382,16251382,16251382,16251382,16251382,16251382,16251382,16251382,16251382,16251382,16251382,16251382,16251382,16251382,16251382,16251382,16251382,16251382,16251382,16251382,16251382,1842715,16251382,16251382,16251382,16251382,16251382,16251382,16251382,16251382,
16251382,16251382,16251382,16251382,16251382,16251382,16251382,16251382,16251382,16251382,16251382,16251382,16251382,16251382,16251382,16251382,16251382,16251382,16251382,16251382,16251382,16251382,16251382,16251382,16251382,16251382,16251382,16251382,16251382,16251382,16251382,16251382,16251382,16251382,16251382,16251382,16251382,16251382,16251382,16251382,16251382,16251382,16251382,16251382,16251382,16251382,16251382,16251382,
16251382,16251382,16251382,16251382,16251382,16251382,16251382,16251382,16251382,16251382,16251382,16251382,16251382,16251382,16251382,16251382,16251382,16251382,16251382,16251382,16251382,16251382,16251382,16251382,16251382,16251382,16251382,16251382,16251382,16251382,16251382,16251382,16251382,16251382,16251382,16251382,16251382,16251382,16185589,16251382,16251382,16251382,16251382,16251382,16251382,16251382,16251382,16251382,
