16251382,16251382,16251382,16251382,16251382,16251382,16251382,16251382,16251382,16251382,16251382,16251382,16251382,16251382,16251382,16251382,16251382,16251382,16251382,16251382,16251382,16251382,16251382,16251382,16251382,16251382,16251382,16251382,16251382,16251382,16251382,16251382,16251382,16251382,16251382,16251382,16251382,16251382,16251382,16251382,16251382,16251382,16251382,16251382,16251382,16251382,16251382,16251382,
16251382,16251382,16251382,16251382,16251382,16251382,16251382,16251382,16251382,16251382,16251382,16251382,16251382,16251382,16251382,16251382,16251382,16251382,16251382,16251382,16251382,16251382,16251382,16251382,16251382,16251382,16251382,16251382,16251382,16251382,16251382,16251382,16251382,16251382,16251382,16251382,16251382,14624512,16645367,16251382,15593452,16185589,16054003,15659245,15922417,15396073,16185589,16251382,
16251382,16251382,16251382,16251382,16251382,16251382,16251382,16251382,16251382,16251382,16251382,16251382,16251382,16251382,16251382,16251382,16251382,16251382,16251382,16251382,16251382,16251382,16251382,16251382,16251382,16251382,16251382,16251382,16251382,16251382,16251382,16251382,16251382,16251382,16251382,16251382,16251382,10574271,13304063,16186107,5658198,15790831,16119285,8224125,8421504,16777215,13356490,16251382,
16251382,16251382,16251382,16251382,16251382,16251382,16251382,16251382,16251382,16251382,16251382,16251382,16251382,16251382,16251382,16251382,16251382,16251382,16251382,16251382,16251382,16251382,16251382,16251382,16251382,16251382,16251382,16251382,16251382,16251382,16251382,16251382,16251382,16251382,16251382,16251382,16251382,15597532,16251382,16251382,16251382,16251382,16251382,16251382,16251382,16251382,16251382,16251382,
16251382,16251382,16251382,16251382,16251382,16251382,16251382,16251382,16251382,16251382,16251382,16251382,16251382,16251382,16251382,16251382,16251382,16251382,16251382,16251382,16251382,16251382,16251382,16251382,16251382,16251382,16251382,16251382,16251382,16251382,16251382,16251382,16251382,16251382,16251382,16251382,16251382,16251382,16251382,16251382,16251382,16251382,16251382,16251382,16251382,16251382,16251382,16251382,
15988210,16251382,16251382,16251382,16251382,16251382,16251382,16251382,16251382,16251382,16251382,16251382,16251382,16251382,16251382,16251382,16251382,16251382,16251382,16251382,16251382,16251382,16251382,16251382,16251382,16251382,16251382,16251382,16251382,16251382,16251382,16251382,16251382,16251382,16251382,16251382,16251382,16251382,16251382,16251382,16251382,16251382,16251382,16251382,16251382,16251382,16251382,16251382,
16251382,16251382,16251382,16251382,16251382,16251382,16251382,16251382,16251382,16251382,16251382,16251382,16251382,16251382,16251382,16251382,16251382,16251382,16251382,16251382,16251382,16251382,16251382,16251382,16251382,16251382,16251382,16251382,16251382,16251382,16251382,16251382,16251382,16251382,16251382,16251382,16251382,16251382,16251382,16251382,16251382,16251382,16251382,16251382,16251382,16251382,16251382,16251382,
16251382,16185589,16251382,16251382,16251382,16251382,16251382,16251382,16251382,16251382,16251382,16251382,16251382,16251382,16251382,16251382,16251382,16251382,16251382,16251382,16251382,16251382,16251382,16251382,16251382,16251382,16251382,16251382,16251382,16251382,16251382,16251382,16251382,16251382,16251382,16251382,16251382,16251382,16251382,16251382,16251382,16251382,16251382,16251382,16251382,16251382,16251382,16251382,
16251382,16251382,16317175,16251382,16251382,16251382,16251382,16251382,16251382,16251382,16251382,16251382,16251382,16251382,16251382,16251382,11448493,16251382,16251382,16251382,16251382,16251382,16251382,16251382,16251382,16251382,16251382,16251382,16251382,16251382,16251382,16251382,16251382,16251382,16251382,16251382,16251382,16251382,16251382,16251382,16251382,16251382,16251382,16251382,16251382,16251382,16251382,16251382,
16251382,16251382,16251382,1973790,16251382,16251382,16251382,16251382,16251382,16251382,16251382,16251382,16251382,16251382,16251382,11777458,16251382,16317175,16251382,16251382,16251382,16251382,16251382,16251382,16251382,16251382,16251382,16251382,16251382,16251382,16251382,16251382,16251382,16251382,16251382,16251382,16251382,16251382,16251382,16251382,16251382,16251382,16251382,16251382,16251382,16251382,16251382,16251382,
16251382,16251382,16251382,16251382,12698560,16251382,16251382,16251382,16251382,16251382,16251382,16251382,16251382,16251382,16251382,5461330,16185589,16317175,16251382,16251382,16251382,16251382,16251382,16251382,16251382,16251382,16251382,16251382,16251382,16251382,16251382,16251382,16251382,16251382,16251382,16251382,16251382,16251382,16251382,16251382,16251382,16251382,16251382,16251382,16251382,16251382,16251382,16251382,
16251382,16251382,16251382,16251382,16251382,15922417,16251382,16251382,16251382,16251382,16251382,16251382,16251382,16251382,16251382,16514554,16317175,16251382,16251382,16251382,16251382,16251382,16251382,16251382,16251382,16251382,16251382,16251382,16251382,16251382,16251382,16251382,16251382,16251382,16251382,16251382,16251382,16251382,16251382,16251382,16251382,16251382,16251382,16251382,16251382,16251382,16251382,16251382,
16251382,16251382,16251382,16251382,16251382,16251382,16251382,16251382,16251382,16251382,16251382,16251382,16251382,16251382,16251382,3948091,16251382,16251382,16251382,16251382,16251382,16251382,16251382,16251382,16251382,16251382,16251382,16251382,16251382,16251382,16251382,16251382,16251382,16251382,16251382,16251382,16251382,16251382,16251382,16251382,16251382,16251382,16251382,16251382,16251382,16251382,16251382,16251382,
16251382,16251382,16251382,16251382,16251382,16251382,16251382,16251382,16251382,16251382,16251382,16251382,16251382,16251382,15790831,7829878,16251382,16251382,16251382,16251382,16251382,16251382,16251382,16251382,16251382,16251382,16251382,16251382,16251382,16251382,16251382,16251382,16251382,16251382,16251382,16251382,16251382,16251382,16251382,16251382,16251382,16251382,16251382,16251382,16251382,16251382,16054003,256,
16251382,16251382,16251382,16251382,16251382,16251382,16251382,16382968,16251382,16251382,16251382,16251382,16251382,512,16251382,3948091,16251382,16251382,16251382,16251382,16251382,16251382,16251382,16251382,16251382,16251382,16251382,16251382,16251382,16251382,16251382,16251382,16251382,16251382,16251382,16251382,16251382,16251382,16251382,16448761,723723,13553869,16119796,16251382,16251382,16251382,16251382,16251382,
16251382,16251382,16251382,16251382,16251382,16251382,16251382,16251382,11777458,16251382,16251382,16251382,16251382,15527659,16251382,16317175,16251382,16251382,16251382,16251382,16251382,16251382,16251382,16317175,16251382,16251382,16251382,16251382,16251382,16251382,16251382,16251382,16185589,16317175,328965,16251382,16251382,16251382,16251382,16251382,16251382,16251382,16251382,16251382,16251382,16251382,16251382,16251382,
16251382,16251382,16251382,16251382,16251382,16251382,16251382,16251382,16251382,1184785,16251382,16251382,16251382,16251382,15988210,16251382,16251382,16251382,16251382,16251382,16251382,16251382,16251382,16251382,16251382,16251382,16251382,256,16185078,16317175,16185589,16185589,16251382,16251382,16251382,16251382,16251382,16251382,16251382,16251382,16251382,16251382,16251382,16251382,16251382,16251382,16251382,16251382,
16251382,16251382,16251382,16251382,16251382,16251382,16251382,16251382,16251382,16251382,16317175,16251382,16251382,16251382,66304,16382968,16251382,16251382,16251382,16317175,1184274,2763306,16251382,16185589,16251382,16251382,16251382,16251382,16251382,16251382,16251382,16251382,16251382,16251382,16251382,16251382,16251382,16251382,16251382,16251382,16251382,16251382,16251382,16251382,16251382,16251382,16251382,16251382,
16251382,16251382,16251382,16251382,16251382,16251382,16251382,16251382,16251382,16251382,16251382,16251382,16711677,16580347,256,16317175,16251382,16251382,16251382,16251382,16251382,16251382,16251382,16251382,16251382,16251382,16251382,16251382,16251382,16251382,16251382,16251382,16251382,16251382,16251382,16251382,16251382,16251382,16251382,16251382,16251382,16251382,16251382,16251382,16251382,16251382,16251382,16251382,
16251382,16251382,16251382,16251382,16251382,16317175,16185589,0,16448761,16251382,16251382,16251382,16185589,16251382,16251382,16251382,16251382,16251382,16251382,16251382,16251382,16251382,16251382,16251382,16251382,16251382,16251382,16251382,16251382,16251382,16251382,16251382,16251382,16251382,16251382,16251382,16251382,16251382,16251382,16251382,16251382,16251382,16251382,16251382,16251382,16251382,16251382,16251382,
1513750,8618881,15856624,16251382,16251382,16251382,16251382,16251382,16251382,16251382,16251382,16251382,15988210,16251382,16251382,16251382,16251382,16251382,16251382,16251382,16251382,16251382,16251382,16251382,16251382,16251382,16251382,16251382,16251382,16251382,16251382,16251382,16251382,16251382,16251382,16251382,16251382,16251382,16251382,16251382,16251382,16251382,16251382,16251382,16251382,16251382,16251382,16251382,
16251382,16251382,16251382,16251382,16251382,16251382,16251382,16251382,16251382,16251382,16251382,16251382,16251382,256,16251382,16251382,16251382,16251382,16251382,16251382,16251382,16251382,16251382,16251382,16251382,16251382,16251382,16251382,16251382,16251382,16251382,16251382,16251382,16251382,16251382,16251382,16251382,16251382,16251382,16251382,16251382,16251382,16251382,16251382,16251382,16251382,16251382,16251382,
16251382,16251382,16251382,16251382,16251382,16251382,16251382,16251382,16251382,16251382,16251382,16251382,16251382,16251382,394758,16251382,16251382,16251382,16251382,16251382,16251382,16251382,16251382,16251382,16251382,16251382,16251382,16251382,16251382,16251382,16251382,16251382,16251382,16251382,16251382,16251382,16251382,16251382,16251382,16251382,16251382,16251382,16251382,16251382,16251382,16251382,16251382,16251382,
16251382,16251382,16251382,16251382,16251382,16251382,16251382,16251382,16251382,16251382,16251382,16251382,16251382,16251382,16251382,16054003,16251382,16251382,16251382,16251382,16251382,16251382,16251382,16251382,16251382,16251382,16251382,16251382,16251382,16251382,16251382,16251382,16251382,16251382,16251382,16251382,16251382,16251382,16251382,16251382,16251382,16251382,16251382,16251382,16251382,16251382,16251382,16251382,
