16251382,16251382,16251382,16251382,16251382,16251382,16251382,16251382,16251382,16251382,16251382,16251382,16251382,16251382,16251382,16251382,16251382,16251382,16251382,16251382,16251382,16251382,16251382,16251382,16251382,16251382,16251382,16251382,16251382,16251382,16251382,16251382,16251382,16251382,16251382,16251382,16251382,16251382,16251382,16251382,16251382,16251382,16251382,16251382,16251382,16251382,16251382,16251382,
16251382,16251382,16251382,16251382,16251382,16251382,16251382,16251382,16251382,16251382,16251382,16251382,16251382,16251382,16251382,16251382,16251382,16251382,16251382,16251382,16251382,16251382,16251382,16251382,16251382,16251382,16251382,16251382,16251382,16251382,16251382,16251382,16251382,16251382,16251382,16251382,16251382,14492672,16777210,16251382,15593452,16054003,15988210,15527659,15922417,15396073,16185589,16251382,
16251382,16251382,16251382,16251382,16251382,16251382,16251382,16251382,16251382,16251382,16251382,16251382,16251382,16251382,16251382,16251382,16251382,16251382,16251382,16251382,16251382,16251382,16251382,16251382,16251382,16251382,16251382,16251382,16251382,16251382,16251382,16251382,16251382,16251382,16251382,16251382,16251382,10834620,13435135,16251382,5592405,15527659,16119285,8289918,8355711,16777215,13553869,16251382,
16251382,16251382,16251382,16251382,16251382,16251382,16251382,16251382,16251382,16251382,16251382,16251382,16251382,16251382,16251382,16251382,16251382,16251382,16251382,16251382,16251382,16251382,16251382,16251382,16251382,16251382,16251382,16251382,16251382,16251382,16251382,16251382,16251382,16251382,16251382,16251382,16251382,15727851,16251382,16251382,16251382,16251382,16251382,16251382,16251382,16251382,16251382,16251382,
16251382,16251382,16251382,16251382,16251382,16251382,16251382,16251382,16251382,16251382,16251382,16251382,16251382,16251382,16251382,16251382,16251382,16251382,16251382,16251382,16251382,16251382,16251382,16251382,16251382,16251382,16251382,16251382,16251382,16251382,16251382,16251382,16251382,16251382,16251382,16251382,16251382,16251382,16251382,16251382,16251382,16251382,16251382,16251382,16251382,16251382,16251382,16251382,
16251382,16251382,16251382,16251382,16251382,16251382,16251382,16251382,16251382,16251382,16251382,16251382,16251382,16251382,16251382,16251382,16251382,16251382,16251382,16251382,16251382,16251382,16251382,16251382,16251382,16251382,16251382,16251382,16251382,16251382,16251382,16251382,16251382,16251382,16251382,16251382,16251382,16251382,16251382,16251382,16251382,16251382,16251382,16251382,16251382,16251382,16251382,16251382,
16251382,16251382,16251382,16251382,16251382,16251382,16251382,16251382,16251382,16251382,16251382,16251382,16251382,16251382,16251382,16251382,16251382,16251382,16251382,16251382,16251382,16251382,16251382,16251382,16251382,16251382,16251382,16251382,16251382,16251382,16251382,16251382,16251382,16251382,16251382,16251382,16251382,16251382,16251382,16251382,16251382,16251382,16251382,16251382,16251382,16251382,16251382,16251382,
16251382,16251382,16251382,16251382,16251382,16251382,16251382,16251382,16251382,16251382,16251382,16251382,16251382,16251382,16251382,16251382,16251382,16251382,16251382,16251382,16251382,16251382,16251382,16251382,16251382,16251382,16251382,16251382,16251382,16251382,16251382,16251382,16251382,16251382,16251382,16251382,16251382,16251382,16251382,16251382,16251382,16251382,16251382,16251382,16251382,16251382,16251382,16251382,
16251382,16251382,16251382,16251382,16251382,16251382,16251382,16251382,16251382,16251382,16251382,16251382,16251382,16251382,16251382,16251382,16251382,16251382,16251382,16251382,16251382,16251382,16251382,16251382,16251382,16251382,16251382,16251382,16251382,16251382,16251382,16251382,16251382,16251382,16251382,16251382,16251382,16251382,16251382,16251382,16251382,16251382,16251382,16251382,16251382,16251382,16251382,16251382,
16251382,16251382,16251382,16251382,16251382,16251382,16251382,16251382,16251382,16251382,16251382,16251382,16251382,16251382,16251382,16317175,16251382,10001047,16251382,16251382,16251382,16251382,16251382,16251382,16251382,16251382,16251382,16251382,16251382,16251382,16251382,16251382,16251382,16251382,16251382,16251382,16251382,16251382,16251382,16251382,16251382,16251382,16251382,16251382,16251382,16251382,16251382,16251382,
16251382,16251382,16251382,16251382,16251382,16251382,16251382,16251382,16251382,16251382,16251382,16251382,16251382,16251382,16251382,6119260,16251382,16185589,16251382,16251382,16251382,16251382,16251382,16251382,16251382,16251382,16251382,16251382,16251382,16251382,16251382,16251382,16251382,16251382,16251382,16251382,16251382,16251382,16251382,16251382,16251382,16251382,16251382,16251382,16251382,16251382,16251382,16251382,
16251382,16251382,16251382,16251382,16251382,16251382,16251382,16251382,16251382,16251382,16251382,16251382,16251382,16251382,16251382,13224904,15988210,16711677,16251382,16251382,16251382,16251382,16251382,16251382,16251382,16251382,16251382,16251382,16251382,16251382,16251382,16251382,16251382,16251382,16251382,16251382,16251382,16251382,13685455,16251382,16251382,16251382,16251382,16251382,16251382,16251382,16251382,16251382,
16251382,16251382,16251382,16251382,16251382,16251382,16251382,16251382,16251382,16251382,16251382,16251382,16251382,16251382,16251382,16317175,16251382,16251382,16251382,16251382,16251382,16251382,16251382,16251382,16251382,16251382,16251382,16251382,16251382,16251382,16251382,16251382,16251382,16251382,16251382,16251382,16251382,16251382,4540228,16251382,16251382,16251382,16251382,16251382,16251382,16251382,16251382,16251382,
16251382,16251382,16251382,16251382,16251382,16251382,16251382,16251382,16251382,16251382,16251382,16251382,16251382,16251382,16185589,13356490,16251382,16251382,16251382,16251382,16251382,16251382,16251382,16251382,16251382,16251382,16251382,16251382,16251382,16251382,16251382,16251382,16251382,16251382,16251382,16251382,16251382,16251382,12895939,16251382,16251382,16251382,16251382,16251382,16251382,16251382,16251382,16251382,
16251382,16251382,16251382,16251382,16251382,16251382,16251382,16251382,16251382,16251382,16251382,16251382,16251382,10724770,16251382,16054003,16251382,16251382,16251382,16251382,16251382,16251382,16251382,16251382,16251382,16251382,16251382,16251382,16251382,16251382,16251382,16251382,16251382,16251382,16251382,16251382,16251382,16185589,14079702,16251382,16251382,16251382,16251382,16251382,16251382,16251382,16251382,16251382,
16251382,16251382,16251382,16251382,16251382,16251382,16251382,16251382,16251382,16251382,16251382,16251382,16251382,14277592,16251382,15790831,16251382,16251382,16251382,16251382,16251382,16251382,16382968,16251382,16251382,16317175,16185589,2566438,256,2500645,15461866,10856356,1842715,12566974,14474971,7961464,395269,13093318,1579543,16251382,16251382,16251382,16251382,16251382,16251382,16251382,16251382,16251382,
16251382,16251382,16251382,16251382,16251382,16251382,16251382,16251382,16251382,16251382,16251382,16251382,16251382,16185589,16185589,16251382,16251382,16251382,16251382,16251382,16054003,16251382,16251382,16251382,16251382,16251382,16251382,16251382,16251382,16251382,16251382,16251382,16251382,16251382,16251382,16251382,16251382,16251382,16185589,16251382,16251382,16251382,16251382,16251382,16251382,16251382,16251382,16251382,
16251382,16251382,16251382,16251382,16251382,16251382,16251382,16251382,16251382,16251382,16251382,16251382,16251382,256,6777190,16185589,16251382,16251382,16251382,16251382,15921904,16251382,16251382,16251382,16251382,16251382,16251382,16251382,16251382,16251382,16251382,16251382,16251382,16251382,16251382,16251382,16251382,16251382,16251382,16251382,16251382,16251382,16251382,16251382,16251382,16251382,16251382,16251382,
16251382,16251382,16251382,16251382,16251382,16251382,16251382,16251382,16251382,16251382,16251382,16251382,3684919,16185589,16185589,16251382,16251382,16251382,16251382,16251382,329476,16251382,16251382,16251382,16251382,16317175,16317175,16317175,16251382,16185589,16185589,16185589,16317175,16251382,16251382,16251382,16251382,16185589,16317175,16251382,16251382,16251382,16251382,16251382,16251382,16251382,16251382,16251382,
16251382,16251382,16251382,16251382,16251382,16251382,16251382,16251382,16251382,16251382,16251382,16251382,16251382,16251382,16251382,16251382,16251382,16251382,16251382,16251382,16251382,16251382,16251382,16251382,16251382,16251382,16251382,16251382,16251382,16251382,16251382,16251382,16251382,16251382,16251382,16251382,16251382,16251382,16251382,16251382,16251382,16251382,16251382,16251382,16251382,16251382,16251382,16251382,
16251382,16251382,16251382,16251382,16251382,16251382,16251382,16251382,16251382,16251382,16251382,16251382,16251382,16251382,16251382,16251382,16251382,16251382,16251382,16251382,16251382,16251382,16251382,16251382,16251382,16251382,16251382,16251382,16251382,16251382,16251382,16251382,16251382,16251382,16251382,16251382,16251382,16251382,16251382,16251382,16251382,16251382,16251382,16251382,16251382,16251382,16251382,16251382,
16251382,16251382,16251382,16251382,16251382,16251382,16251382,16251382,16251382,16251382,16251382,16251382,16251382,16251382,16251382,16251382,16251382,16251382,16251382,16251382,16251382,16251382,16251382,16251382,16251382,16251382,16251382,16251382,16251382,16251382,16251382,16251382,16251382,16251382,16251382,16251382,16251382,16251382,16251382,16251382,16251382,16251382,16251382,16251382,16251382,16251382,16251382,16251382,
16251382,16251382,16251382,16251382,16251382,16251382,16251382,16251382,16251382,16251382,16251382,16251382,16251382,16251382,16251382,16251382,16251382,16251382,16251382,16251382,16251382,16251382,16251382,16251382,16251382,16251382,16251382,16251382,16251382,16251382,16251382,16251382,16251382,16251382,16251382,16251382,16251382,16251382,16251382,16251382,16251382,16251382,16251382,16251382,16251382,16251382,16251382,16251382,
16251382,16251382,16251382,16251382,16251382,16251382,16251382,16251382,16251382,16251382,16251382,16251382,16251382,16251382,16251382,16251382,16251382,16251382,16251382,16251382,16251382,16251382,16251382,16251382,16251382,16251382,16251382,16251382,16251382,16251382,16251382,16251382,16251382,16251382,16251382,16251382,16251382,16251382,16251382,16251382,16251382,16251382,16251382,16251382,16251382,16251382,16251382,16251382,
