7106155,7106155,7106155,7106155,7106155,7106155,7106155,7106155,7106155,7106155,7106155,7106155,7106155,7106155,7106155,7106155,7106155,7106155,7106155,7106155,7106155,7106155,7106155,7106155,7106155,7106155,7106155,7106155,7106155,7106155,7106155,7106155,7106155,7106155,7106155,7106155,7106155,7106155,7106155,7106155,7106155,7106155,7106155,7106155,7106155,7106155,7106155,7106155,
7106155,7106155,7106155,7106155,7106155,7106155,7106155,7106155,7106155,7106155,7106155,7106155,7106155,7106155,7106155,7106155,7106155,7106155,7106155,7106155,7106155,7106155,7106155,7106155,7106155,7106155,7106155,7106155,7106155,7106155,7106155,7106155,7106155,7106155,7106155,7106155,7106155,14425347,7303534,7106155,6842983,7040362,7040362,6777190,6974569,6711397,7106155,7106155,
7106155,7106155,7106155,7106155,7106155,7106155,7106155,7106155,7106155,7106155,7106155,7106155,7106155,7106155,7106155,7106155,7106155,7106155,7106155,7106155,7106155,7106155,7106155,7106155,7106155,7106155,7106155,7106155,7106155,7106155,7106155,7106155,7106155,7106155,7106155,7106155,7106155,8266634,13369599,7040364,2960685,6711397,16053492,4408131,5855577,16777215,5789784,7106155,
7106155,7106155,7106155,7106155,7106155,7106155,7106155,7106155,7106155,7106155,7106155,7106155,7106155,7106155,7106155,7106155,7106155,7106155,7106155,7106155,7106155,7106155,7106155,7106155,7106155,7106155,7106155,7106155,7106155,7106155,7106155,7106155,7106155,7106155,7106155,7106155,7106155,6322785,7106155,7106155,7106155,7106155,7106155,7106155,7106155,7106155,7106155,7106155,
7106155,7106155,7106155,7106155,7106155,7106155,7106155,7106155,7106155,7106155,7106155,7106155,7106155,7106155,7106155,7106155,7106155,7106155,7106155,7106155,7106155,7106155,7106155,7106155,7106155,7106155,7106155,7106155,7106155,7106155,7106155,7106155,7106155,7106155,7106155,7106155,7106155,7106155,7106155,7106155,7106155,7106155,7106155,7106155,7106155,7106155,7106155,7106155,
7106155,7106155,7106155,7106155,7106155,7106155,7106155,7106155,7106155,7106155,7106155,7106155,7106155,7106155,7106155,7106155,7106155,7106155,7106155,7106155,7106155,7106155,7106155,7106155,7106155,7106155,7106155,7106155,7106155,7106155,7106155,7106155,7106155,7106155,7106155,7106155,7106155,7106155,7106155,7106155,7106155,7106155,7106155,7106155,7106155,7106155,7106155,7106155,
7106155,7106155,7106155,7106155,7106155,7106155,7106155,7106155,7106155,7106155,7106155,7106155,7106155,7106155,7106155,7106155,7106155,7106155,7106155,7106155,7106155,7106155,7106155,7106155,7106155,7106155,7106155,7106155,7106155,7106155,7106155,7106155,7106155,7106155,7106155,7106155,7106155,7106155,7106155,7106155,7106155,7106155,7106155,7106155,7106155,7106155,7106155,7106155,
7106155,7106155,7106155,7106155,7106155,7106155,7106155,7106155,7106155,7106155,7106155,7106155,7106155,7106155,7106155,7106155,7106155,7106155,7106155,7106155,7106155,7106155,7106155,7106155,7106155,7106155,7106155,7106155,7106155,7106155,7106155,7106155,7106155,7106155,7106155,7106155,7106155,7106155,7106155,7106155,7106155,7106155,7106155,7106155,7106155,7106155,7106155,7106155,
7106155,7106155,7106155,7106155,7106155,7106155,7106155,7106155,7106155,7106155,7106155,7106155,7106155,7106155,7106155,7106155,7106155,7106155,7106155,7106155,7106155,7106155,7106155,7106155,7106155,7106155,7106155,7106155,7106155,7106155,7106155,7106155,7106155,7106155,7106155,7106155,7106155,7106155,7106155,7106155,7106155,7106155,7106155,7106155,7106155,7106155,7106155,7106155,
7106155,7106155,7106155,7106155,7106155,7106155,7106155,7106155,7106155,7106155,7106155,7106155,7106155,7106155,7106155,7106155,7106155,7106155,7106155,7106155,7106155,7106155,7106155,7106155,7106155,7106155,7106155,7106155,7106155,7106155,7106155,7106155,7106155,7106155,7106155,7106155,7106155,7106155,7106155,7106155,7106155,7106155,7106155,7106155,7106155,7106155,7106155,7106155,
7106155,7106155,7106155,7106155,7106155,7106155,7106155,7106155,7106155,7106155,7106155,2632231,7106155,7106155,7040362,7106155,7106155,7106155,7040362,4145470,7106155,7106155,7106155,7040362,7040362,7040362,7106155,7040362,7106155,6974569,7106155,7106155,7040362,5592916,7106155,7106155,7040362,6514018,7106155,7106155,7106155,7106155,7106155,7106155,7106155,7106155,7106155,7106155,
7106155,7106155,7106155,7106155,7106155,7106155,7106155,7106155,7106155,7106155,7040362,7106155,3026989,7106155,7040362,7106155,526855,7106155,7040362,7106155,7106155,7106155,7106155,7171948,6842983,7106155,7106155,7106155,7106155,7040362,6974569,7106155,7106155,6053467,7040362,6974569,6974569,3750712,7106155,7106155,7106155,7106155,7106155,7106155,7106155,7106155,7106155,7106155,
7106155,7106155,7106155,7106155,7106155,7106155,7106155,7106155,7106155,7106155,7106155,7106155,7106155,7106155,7106155,7106155,7106155,7106155,7106155,7106155,7106155,7106155,7106155,7106155,7106155,7106155,7106155,7106155,7106155,7106155,7106155,7106155,7106155,7106155,7106155,7106155,7106155,7106155,7106155,7106155,7106155,7106155,7106155,7106155,7106155,7106155,7106155,7106155,
7106155,7106155,7106155,7106155,7106155,7106155,7106155,7106155,7106155,7106155,7106155,7106155,7106155,7106155,7106155,7106155,7106155,7106155,7106155,7106155,7106155,7106155,7106155,7106155,7106155,7106155,7106155,7106155,7106155,7106155,7106155,7106155,7106155,7106155,7106155,7106155,7106155,7106155,7106155,7106155,7106155,7106155,7106155,7106155,7106155,7106155,7106155,7106155,
7106155,7106155,7106155,7106155,7106155,7106155,7106155,7106155,7106155,7106155,7106155,7106155,7106155,7106155,7106155,7106155,7106155,7106155,7106155,7106155,7106155,7106155,7106155,7106155,7106155,7106155,7106155,7106155,7106155,7106155,7106155,7106155,7106155,7106155,7106155,7106155,7106155,7106155,7106155,7106155,7106155,7106155,7106155,7106155,7106155,7106155,7106155,7106155,
7106155,7106155,7106155,7106155,7106155,7106155,7106155,7106155,7106155,7106155,7106155,7106155,7106155,7106155,7106155,7106155,7106155,7106155,7106155,7106155,7106155,7106155,7106155,7106155,7106155,7106155,7106155,7106155,7106155,7106155,7106155,7106155,7106155,7106155,7106155,7106155,7106155,7106155,7106155,7106155,7106155,7106155,7106155,7106155,7106155,7106155,7106155,7106155,
7106155,7106155,7106155,7106155,7106155,7106155,7106155,7106155,7106155,7106155,7106155,7106155,7106155,7106155,7106155,7106155,7106155,7106155,7106155,7106155,7106155,7106155,7106155,7106155,7106155,7106155,7106155,7106155,7106155,7106155,7106155,7106155,7106155,7106155,7106155,7106155,7106155,7106155,7106155,7106155,7106155,7106155,7106155,7106155,7106155,7106155,7106155,7106155,
7106155,7106155,7106155,7106155,7106155,7106155,7106155,7106155,7106155,7106155,7106155,7106155,7106155,7106155,7106155,7106155,7106155,7106155,7106155,7106155,7106155,7106155,7106155,7106155,7106155,7106155,7106155,7106155,7106155,7106155,7106155,7106155,7106155,7106155,7106155,7106155,7106155,7106155,7106155,7106155,7106155,7106155,7106155,7106155,7106155,7106155,7106155,7106155,
7106155,7106155,7106155,7106155,7106155,7106155,7106155,7106155,7106155,7106155,7106155,7106155,7106155,7106155,7106155,7106155,7106155,7106155,7106155,7106155,7106155,7106155,7106155,7106155,7106155,7106155,7106155,7106155,7106155,7106155,7106155,7106155,7106155,7106155,7106155,7106155,7106155,7106155,7106155,7106155,7106155,7106155,7106155,7106155,7106155,7106155,7106155,7106155,
7106155,7106155,7106155,7106155,7106155,7106155,7106155,7106155,7106155,7106155,7106155,7106155,7106155,7106155,7106155,7106155,7106155,7106155,7106155,7106155,7106155,7106155,7106155,7106155,7106155,7106155,7106155,7106155,7106155,7106155,7106155,7106155,7106155,7106155,7106155,7106155,7106155,7106155,7106155,7106155,7106155,7106155,7106155,7106155,7106155,7106155,7106155,7106155,
7106155,7106155,7106155,7106155,7106155,7106155,7106155,7106155,7106155,7106155,7106155,7106155,7106155,7106155,7106155,7106155,7106155,7106155,7106155,7106155,7106155,7106155,7106155,7106155,7106155,7106155,7106155,7106155,7106155,7106155,7106155,7106155,7106155,7106155,7106155,7106155,7106155,7106155,7106155,7106155,7106155,7106155,7106155,7106155,7106155,7106155,7106155,7106155,
7106155,7106155,7106155,7106155,7106155,7106155,7106155,7106155,7106155,7106155,7106155,7106155,7106155,7106155,7106155,7106155,7106155,7106155,7106155,7106155,7106155,7106155,7106155,7106155,7106155,7106155,7106155,7106155,7106155,7106155,7106155,7106155,7106155,7106155,7106155,7106155,7106155,7106155,7106155,7106155,7106155,7106155,7106155,7106155,7106155,7106155,7106155,7106155,
7106155,7106155,7106155,7106155,7106155,7106155,7106155,7106155,7106155,7106155,7106155,7106155,7106155,7106155,7106155,7106155,7106155,7106155,7106155,7106155,7106155,7106155,7106155,7106155,7106155,7106155,7106155,7106155,7106155,7106155,7106155,7106155,7106155,7106155,7106155,7106155,7106155,7106155,7106155,7106155,7106155,7106155,7106155,7106155,7106155,7106155,7106155,7106155,
7106155,7106155,7106155,7106155,7106155,7106155,7106155,7106155,7106155,7106155,7106155,7106155,7106155,7106155,7106155,7106155,7106155,7106155,7106155,7106155,7106155,7106155,7106155,7106155,7106155,7106155,7106155,7106155,7106155,7106155,7106155,7106155,7106155,7106155,7106155,7106155,7106155,7106155,7106155,7106155,7106155,7106155,7106155,7106155,7106155,7106155,7106155,7106155,
