16251382,16251382,16251382,16251382,16251382,16251382,16251382,16251382,16251382,16251382,16251382,16251382,16251382,16251382,16251382,16251382,16251382,16251382,16251382,16251382,16251382,16251382,16251382,16251382,16251382,16251382,16251382,16251382,16251382,16251382,16251382,16251382,16251382,16251382,16251382,16251382,16251382,16251382,16251382,16251382,16251382,16251382,16251382,16251382,16251382,16251382,16251382,16251382,
16251382,16251382,16251382,16251382,16251382,16251382,16251382,16251382,16251382,16251382,16251382,16251382,16251382,16251382,16251382,16251382,16251382,16251382,16251382,16251382,16251382,16251382,16251382,16251382,16251382,16251382,16251382,16251382,16251382,16251382,16251382,16251382,16251382,16251382,16251382,16251382,16251382,14296320,16777210,16251382,15593452,16054003,15988210,15593452,15988210,15264487,16185589,16251382,
16251382,16251382,16251382,16251382,16251382,16251382,16251382,16251382,16251382,16251382,16251382,16251382,16251382,16251382,16251382,16251382,16251382,16251382,16251382,16251382,16251382,16251382,16251382,16251382,16251382,16251382,16251382,16251382,16251382,16251382,16251382,16251382,16251382,16251382,16251382,16251382,16251382,10638268,13369599,16382970,5592405,15593452,16119285,8224125,8684676,16777215,13553869,16251382,
16251382,16251382,16251382,16251382,16251382,16251382,16251382,16251382,16251382,16251382,16251382,16251382,16251382,16251382,16251382,16251382,16251382,16251382,16251382,16251382,16251382,16251382,16251382,16251382,16251382,16251382,16251382,16251382,16251382,16251382,16251382,16251382,16251382,16251382,16251382,16251382,16251382,15858926,16251382,16251382,16251382,16251382,16251382,16251382,16251382,16251382,16251382,16251382,
16251382,16251382,16251382,16251382,16251382,16251382,16251382,16251382,16251382,16251382,16251382,16251382,16251382,16251382,16251382,16251382,16251382,16251382,16251382,16251382,16251382,16251382,16251382,16251382,16251382,16251382,16251382,16251382,16251382,16251382,16251382,16251382,16251382,16251382,16251382,16251382,16251382,16251382,16251382,16251382,16251382,16251382,16251382,16251382,16251382,16251382,16251382,16251382,
16251382,16251382,16251382,16251382,16251382,16251382,16251382,16251382,16251382,16251382,16251382,16251382,16251382,16251382,16251382,16251382,16251382,16251382,16251382,16251382,16251382,16251382,16251382,16251382,16251382,16251382,16251382,16251382,16251382,16251382,16251382,16251382,16251382,16251382,16251382,16251382,16251382,16251382,16251382,16251382,16251382,16251382,16251382,16251382,16251382,16251382,16251382,16251382,
16251382,16251382,16251382,16251382,16251382,16251382,16251382,16251382,16251382,16251382,16251382,16251382,16251382,16251382,16251382,16251382,16251382,16251382,16251382,16251382,16251382,16251382,16251382,16251382,16251382,16251382,16251382,16251382,16251382,16251382,16251382,16251382,16251382,16251382,16251382,16251382,16251382,16251382,16251382,16251382,16251382,16251382,16251382,16251382,16251382,16251382,16251382,16251382,
16251382,16251382,16251382,16251382,16251382,16251382,16251382,16251382,16251382,16251382,16251382,16251382,16251382,1184785,16119796,16317175,16251382,16251382,16251382,16251382,16251382,16251382,16251382,16251382,16251382,16251382,16251382,16251382,16251382,16251382,16251382,16251382,16251382,16251382,16251382,16251382,16251382,16251382,16251382,16251382,16251382,16251382,16251382,16251382,16251382,16251382,16251382,16251382,
16251382,16251382,16251382,16251382,16251382,16251382,16251382,16251382,16251382,16251382,16251382,16251382,16185589,15988210,16514554,16251382,16251382,16251382,16251382,16251382,16251382,16251382,16251382,16251382,16251382,16251382,16251382,16251382,16251382,16251382,16251382,16251382,16251382,16251382,16251382,16251382,16251382,16251382,16251382,16251382,16251382,16251382,16251382,16251382,16251382,16251382,16251382,16251382,
16251382,16251382,16251382,16251382,16251382,16251382,16251382,16251382,16251382,16251382,16251382,16251382,16251382,16251382,16251382,855820,16251382,16251382,16251382,16251382,16251382,16251382,16251382,16251382,16251382,16251382,16251382,16251382,16251382,16251382,16251382,16251382,16251382,16251382,16251382,16251382,16251382,16251382,16251382,16251382,16251382,16251382,16251382,16251382,16251382,16251382,16251382,16251382,
16251382,16251382,16251382,16251382,16251382,16251382,16251382,16251382,16251382,16251382,16251382,16251382,16251382,16185589,16251382,16317175,16251382,16251382,16251382,16251382,16251382,16251382,16251382,16251382,16251382,16251382,16251382,16251382,16251382,16251382,16251382,16251382,16251382,16251382,16251382,16251382,16251382,16251382,16251382,16251382,16251382,16251382,16251382,16251382,16251382,16251382,16251382,16251382,
16251382,16251382,16251382,16251382,16251382,16251382,16251382,16251382,16251382,16251382,16251382,16251382,16251382,16251382,16251382,16251382,16251382,16251382,16251382,16251382,16251382,16251382,16251382,16251382,16251382,16251382,16251382,16251382,16251382,16251382,16251382,16251382,16251382,16251382,16251382,16251382,16251382,16251382,16251382,16251382,16251382,16251382,16251382,16251382,16251382,16251382,16251382,16251382,
16251382,16251382,16251382,16251382,16251382,16251382,16251382,16251382,16251382,16251382,16251382,16251382,16251382,16185589,15396073,16251382,16251382,16251382,16251382,16251382,16251382,16251382,16251382,16251382,16251382,16251382,16251382,16251382,16251382,16251382,16251382,16251382,16251382,16251382,16251382,16251382,16251382,16251382,16251382,16251382,16251382,16251382,16251382,16251382,16251382,16251382,16251382,16251382,
16251382,16251382,16251382,16251382,16251382,16251382,16251382,16251382,16251382,16251382,16251382,16251382,16251382,16119796,16382968,16185589,16251382,16251382,16251382,16251382,16251382,16251382,16251382,16251382,16251382,16251382,16251382,16251382,16251382,16251382,16251382,16251382,16251382,16251382,16251382,16251382,16251382,16251382,16251382,16251382,16251382,16251382,16251382,16251382,16251382,16251382,16251382,16251382,
16251382,16251382,16251382,16251382,16251382,16251382,16251382,16251382,16251382,16251382,16251382,16251382,16251382,5263951,16185589,16251382,16251382,16251382,16251382,16251382,16251382,16251382,16251382,16251382,16251382,16251382,16251382,16251382,16251382,16251382,16251382,16251382,16251382,16251382,16251382,16251382,16251382,16251382,16251382,16251382,16251382,16251382,16251382,16251382,16251382,16251382,16251382,16251382,
16251382,16251382,16251382,16251382,16251382,16251382,16251382,16251382,16251382,16251382,16251382,16251382,16251382,16514554,16251382,16382968,16251382,16251382,16251382,16251382,16251382,16251382,16251382,16251382,16251382,16251382,16251382,16251382,16251382,16251382,16251382,16251382,16251382,16251382,16251382,16251382,16251382,16251382,16251382,16251382,16251382,16251382,16251382,16251382,16251382,16251382,16251382,16251382,
16251382,16251382,16251382,16251382,16251382,16251382,16251382,16251382,16251382,16251382,16251382,16251382,16251382,15725038,15988210,16251382,16251382,16251382,16251382,16251382,16251382,16251382,16251382,16251382,16251382,16251382,16251382,16251382,16251382,16251382,16251382,16251382,16251382,16251382,16251382,16251382,16251382,16251382,16251382,16251382,16251382,16251382,16251382,16251382,16251382,16251382,16251382,16251382,
16251382,16251382,16251382,16251382,16251382,16251382,16251382,16251382,16251382,16251382,16251382,16251382,16251382,1776922,16185589,16251382,16251382,16251382,16251382,16251382,16251382,16251382,16251382,16251382,16251382,16251382,16251382,16251382,16251382,16251382,16251382,16251382,16251382,16251382,16251382,16251382,16251382,16251382,16251382,16251382,16251382,16251382,16251382,16251382,16251382,16251382,16251382,16251382,
16251382,16251382,16251382,16251382,16251382,16251382,16251382,16251382,16251382,16251382,16251382,16251382,5527123,16448761,16251382,16185589,16251382,16251382,16251382,16251382,16251382,16251382,16251382,16251382,16251382,16251382,16251382,16251382,16251382,16251382,16251382,16251382,16251382,16251382,16251382,16251382,16251382,16251382,16251382,16251382,16251382,16251382,16251382,16251382,16251382,16251382,16251382,16251382,
16251382,16251382,16251382,16251382,16251382,16251382,16251382,16251382,16251382,16251382,16251382,16251382,16251382,16251382,16251382,16251382,16251382,16251382,16251382,16251382,16251382,16251382,16251382,16251382,16251382,16251382,16251382,16251382,16251382,16251382,16251382,16251382,16251382,16251382,16251382,16251382,16251382,16251382,16251382,16251382,16251382,16251382,16251382,16251382,16251382,16251382,16251382,16251382,
16251382,16251382,16251382,16251382,16251382,16251382,16251382,16251382,16251382,16251382,16251382,16251382,16251382,16251382,16251382,16251382,16251382,16251382,16251382,16251382,16251382,16251382,16251382,16251382,16251382,16251382,16251382,16251382,16251382,16251382,16251382,16251382,16251382,16251382,16251382,16251382,16251382,16251382,16251382,16251382,16251382,16251382,16251382,16251382,16251382,16251382,16251382,16251382,
16251382,16251382,16251382,16251382,16251382,16251382,16251382,16251382,16251382,16251382,16251382,16251382,16251382,16251382,16251382,16251382,16251382,16251382,16251382,16251382,16251382,16251382,16251382,16251382,16251382,16251382,16251382,16251382,16251382,16251382,16251382,16251382,16251382,16251382,16251382,16251382,16251382,16251382,16251382,16251382,16251382,16251382,16251382,16251382,16251382,16251382,16251382,16251382,
16251382,16251382,16251382,16251382,16251382,16251382,16251382,16251382,16251382,16251382,16251382,16251382,16251382,16251382,16251382,16251382,16251382,16251382,16251382,16251382,16251382,16251382,16251382,16251382,16251382,16251382,16251382,16251382,16251382,16251382,16251382,16251382,16251382,16251382,16251382,16251382,16251382,16251382,16251382,16251382,16251382,16251382,16251382,16251382,16251382,16251382,16251382,16251382,
16251382,16251382,16251382,16251382,16251382,16251382,16251382,16251382,16251382,16251382,16251382,16251382,16251382,16251382,16251382,16251382,16251382,16251382,16251382,16251382,16251382,16251382,16251382,16251382,16251382,16251382,16251382,16251382,16251382,16251382,16251382,16251382,16251382,16251382,16251382,16251382,16251382,16251382,16251382,16251382,16251382,16251382,16251382,16251382,16251382,16251382,16251382,16251382,
